212
188
11
77
167
36
190
15
4
111
173
172
44
62
70
120
129
9
139
23
60
17
73
141
16
30
54
206
91
215
137
40
87
171
88
99
154
29
130
86
100
213
31
225
205
82
210
33
135
102
92
14
221
84
191
85
72
42
121
198
97
149
56
104
105
20
125
214
170
28
61
203
211
201
80
227
108
12
5
124
75
41
6
65
168
174
161
83
8
208
18
166
160
79
39
181
165
183
50
1
51
186
217
66
68
122
27
32
58
152
24
37
187
178
96
192
142
43
117
113
101
107
189
74
47
126
116
89
226
153
115
46
94
13
123
150
112
128
35
199
93
127
3
22
106
143
136
220
155
222
19
182
34
49
147
95
159
196
162
133
204
184
179
200
218
63
176
140
110
224
26
207
55
64
71
78
202
131
177
158
53
223
98
148
114
21
59
193
57
156
216
48
197
180
185
146
132
109
52
76
195
175
38
45
103
194
7
138
164
144
81
2
134
69
10
169
228
118
90
157
151
119
25
209
219
67